#################################99
[[[8.2871211e-01 1.8301168e-01 9.7242975e-01 4.1981062e-01]
  [8.5877132e-01 2.5600740e-01 9.5496845e-01 4.1064855e-01]
  [8.6461014e-01 2.2406775e-01 9.8942465e-01 4.6640670e-01]
  [8.3239251e-01 1.7826904e-01 9.3587190e-01 3.4386390e-01]
  [0.0000000e+00 9.6031547e-02 5.8583593e-01 9.1147232e-01]
  [1.0352083e-02 6.7720836e-01 1.6789776e-01 9.1322500e-01]
  [6.9471204e-01 7.6452541e-01 9.6026313e-01 8.7144232e-01]
  [8.4900033e-01 2.5219181e-01 9.7626305e-01 8.6399770e-01]
  [8.3995998e-01 4.9364722e-01 9.9656153e-01 9.2786717e-01]
  [8.0190289e-01 2.8300694e-01 9.6377933e-01 8.1390452e-01]
  [8.4211451e-01 2.5213668e-01 1.0000000e+00 4.1411361e-01]
  [9.0068954e-01 2.6376373e-01 9.8483914e-01 6.6651988e-01]
  [8.1698769e-01 1.7111906e-01 9.6997172e-01 3.9079669e-01]
  [6.9489366e-01 7.8151292e-01 8.4002131e-01 8.6093229e-01]
  [3.5158628e-01 4.3742862e-01 7.8982693e-01 5.6055921e-01]
  [8.0190289e-01 2.8300694e-01 9.6377933e-01 8.1390452e-01]
  [8.0190289e-01 2.8300694e-01 9.6377933e-01 8.1390452e-01]
  [2.0778984e-02 5.4563701e-02 6.3642275e-01 7.3196161e-01]
  [8.7135375e-01 3.1501162e-01 9.6040499e-01 4.5303392e-01]
  [1.2915176e-01 0.0000000e+00 2.4322927e-01 2.4191812e-01]
  [1.3361588e-02 0.0000000e+00 2.1907361e-01 3.0129153e-01]
  [3.5076573e-02 0.0000000e+00 1.6657422e-01 7.0214480e-02]
  [4.5155764e-02 1.0021038e-02 3.4533381e-01 1.8100628e-01]
  [8.3995998e-01 4.9364722e-01 9.9656153e-01 9.2786717e-01]
  [6.6178568e-02 6.7131091e-03 2.1667624e-01 6.5348700e-02]
  [5.2490437e-01 0.0000000e+00 8.3555710e-01 8.0143267e-01]
  [3.9523584e-01 7.2058129e-01 6.1891562e-01 8.8176489e-01]
  [8.2871211e-01 1.8301168e-01 9.7242975e-01 4.1981062e-01]
  [8.3769304e-01 2.1308169e-01 9.4469637e-01 3.8399550e-01]
  [8.2745558e-01 2.4198487e-01 9.6478325e-01 5.2626228e-01]
  [4.5896620e-03 5.0801262e-03 2.6097393e-01 1.6082287e-01]
  [8.8405544e-01 7.5978541e-01 9.6058589e-01 8.8761079e-01]
  [9.3601900e-01 6.4656764e-01 9.9957305e-01 1.0000000e+00]
  [1.5449916e-01 9.7472668e-03 2.1603177e-01 1.8928328e-01]
  [4.6152854e-01 2.1579146e-02 6.4684868e-01 6.8273336e-01]
  [3.1056315e-02 1.1099324e-02 3.9967653e-01 9.3690038e-02]
  [2.0607620e-02 5.7028902e-01 5.9546888e-01 9.7942531e-01]
  [0.0000000e+00 2.2379635e-01 3.1287766e-01 3.9483702e-01]
  [8.6533189e-01 6.3223547e-01 9.9290693e-01 9.6792334e-01]
  [8.6461329e-01 6.7923203e-02 9.6476531e-01 3.7132472e-01]
  [1.5642062e-02 0.0000000e+00 1.5361024e-01 1.4682952e-01]
  [3.1056315e-02 1.1099324e-02 3.9967653e-01 9.3690038e-02]
  [8.7964535e-04 9.6037847e-01 1.9102240e-01 9.9415046e-01]
  [4.9109125e-01 0.0000000e+00 8.6270058e-01 7.1643353e-01]
  [7.1330392e-01 8.0505174e-01 9.1812325e-01 9.3931466e-01]
  [8.6533189e-01 6.3223547e-01 9.9290693e-01 9.6792334e-01]
  [4.4352385e-01 6.2904578e-01 5.9128904e-01 9.2334646e-01]
  [0.0000000e+00 0.0000000e+00 9.8908395e-02 2.9844427e-01]
  [6.4192092e-01 7.0479655e-01 9.0596449e-01 8.4221685e-01]
  [0.0000000e+00 6.9317710e-01 2.3058689e-01 8.9423800e-01]
  [7.5625169e-01 0.0000000e+00 8.2765138e-01 2.3238815e-01]
  [0.0000000e+00 8.4868118e-02 6.5149981e-01 5.7658648e-01]
  [6.6178568e-02 6.7131091e-03 2.1667624e-01 6.5348700e-02]
  [8.2660466e-01 4.5362881e-01 9.8174447e-01 9.7958851e-01]
  [8.3243614e-01 7.2450191e-01 1.0000000e+00 9.0542215e-01]
  [7.7788877e-01 5.9626706e-02 9.6055400e-01 2.3281133e-01]
  [3.8444245e-01 6.1036789e-01 6.7094612e-01 9.1489089e-01]
  [7.6105893e-03 9.4618320e-01 4.0025249e-01 9.9305272e-01]
  [6.2445354e-01 7.4889612e-01 8.6722624e-01 8.8192129e-01]
  [2.0272911e-02 1.1126436e-02 2.5975102e-01 1.0401051e-01]
  [7.2223699e-01 6.3867867e-01 9.9141526e-01 1.0000000e+00]
  [7.8007483e-01 7.4306101e-01 9.8833132e-01 8.8901132e-01]
  [3.9820176e-01 1.0458894e-02 7.3880476e-01 1.8964154e-01]
  [5.6112635e-01 4.3646869e-01 8.8303268e-01 5.6607497e-01]
  [8.6461329e-01 6.7923203e-02 9.6476531e-01 3.7132472e-01]
  [6.9924235e-01 7.1302086e-01 9.7320616e-01 8.2930440e-01]
  [5.3075731e-02 0.0000000e+00 4.4658533e-01 2.6109618e-01]
  [8.3577442e-01 1.7864472e-01 9.8462284e-01 7.5042802e-01]
  [6.5290290e-01 6.3989413e-01 9.1113847e-01 7.7790773e-01]
  [1.0948621e-01 8.5434085e-01 4.5571816e-01 9.8805159e-01]
  [6.2767327e-01 5.9194213e-01 8.9370239e-01 7.2479361e-01]
  [2.0758215e-01 8.3057123e-01 4.9621794e-01 1.0000000e+00]
  [1.5642062e-02 0.0000000e+00 1.5361024e-01 1.4682952e-01]
  [1.3091689e-01 4.9520716e-02 2.4350551e-01 4.6151662e-01]
  [7.1850413e-01 9.5470029e-01 8.3598906e-01 1.0000000e+00]
  [7.2162658e-01 4.2946851e-01 9.4053823e-01 5.8363736e-01]
  [8.8971034e-03 7.6358891e-01 1.5103588e-01 1.0000000e+00]
  [9.0659666e-01 1.5867886e-01 9.8489821e-01 4.5870510e-01]
  [0.0000000e+00 8.5026717e-01 2.1996163e-01 9.8878312e-01]
  [4.4376040e-01 1.0993779e-03 8.8751173e-01 6.1310184e-01]
  [5.1388219e-02 0.0000000e+00 2.0004980e-01 1.6073020e-01]
  [4.1661280e-01 0.0000000e+00 8.9186567e-01 6.5639305e-01]
  [9.3218923e-02 1.7087400e-01 6.3230669e-01 6.2642926e-01]
  [8.1757343e-01 4.6769279e-01 9.6591651e-01 8.5260707e-01]
  [8.0512971e-01 5.8135778e-01 1.0000000e+00 7.9738873e-01]
  [1.7752528e-01 7.8952461e-03 3.4580356e-01 5.9955701e-02]
  [8.3110499e-01 1.3635784e-01 9.0766835e-01 2.8318733e-01]
  [0.0000000e+00 6.7502344e-01 1.1181259e-01 9.3745470e-01]
  [7.5294733e-01 9.1414624e-01 9.9081504e-01 1.0000000e+00]
  [1.1066064e-02 1.5880398e-02 7.6451011e-02 1.5688339e-01]
  [8.0190289e-01 2.8300694e-01 9.6377933e-01 8.1390452e-01]
  [9.1555107e-01 3.0891868e-01 9.7468162e-01 8.1346011e-01]
  [0.0000000e+00 2.0971984e-01 6.1595440e-01 7.5420237e-01]
  [3.2878897e-01 7.4317467e-01 4.8986831e-01 9.9304366e-01]
  [4.5155764e-02 1.0021038e-02 3.4533381e-01 1.8100628e-01]
  [7.4293846e-01 7.8112856e-03 7.9921645e-01 1.5413257e-01]
  [2.4898422e-01 7.4878067e-01 4.9764192e-01 9.0041286e-01]
  [5.4165852e-01 3.4197831e-01 6.3861799e-01 4.6528929e-01]
  [1.5637100e-02 8.2603431e-01 5.1375395e-01 9.9396741e-01]
  [3.6527345e-01 3.2891867e-01 5.2381790e-01 9.6987855e-01]]]
[[0.99080056 0.32266632 0.24859266 0.1045031  0.0565767  0.05656304
  0.05270878 0.05222166 0.04416119 0.04187297 0.03849975 0.03625154
  0.03581365 0.03206931 0.02960684 0.02781817 0.02779073 0.02767414
  0.02657787 0.02642336 0.02611866 0.0260991  0.02499532 0.02492803
  0.02416337 0.02379282 0.02321174 0.02211854 0.02029378 0.02014485
  0.02007828 0.01996388 0.01909086 0.01885668 0.01865608 0.0185128
  0.01816864 0.01636184 0.01615575 0.01607885 0.01574718 0.01535415
  0.01523822 0.0152236  0.01503643 0.01479607 0.01469943 0.01466334
  0.014606   0.01451744 0.01416511 0.01400737 0.01398926 0.01394855
  0.01373511 0.01363052 0.01355063 0.01339758 0.01324684 0.01311429
  0.01293853 0.01291743 0.01288063 0.01275657 0.01274991 0.01273753
  0.01255245 0.0124646  0.01211681 0.01203082 0.01178907 0.01178267
  0.01177736 0.0117741  0.01176191 0.01165364 0.01157075 0.01154945
  0.01146935 0.01144864 0.01133879 0.01108357 0.01104248 0.01101036
  0.01101036 0.01096386 0.01087259 0.01070941 0.01067575 0.01054272
  0.01054257 0.01042528 0.01037015 0.01019216 0.00996228 0.00989027
  0.00982346 0.00980972 0.00979046 0.00973033]]
[[2. 2. 2. 2. 8. 2. 2. 4. 9. 4. 2. 2. 1. 2. 2. 2. 9. 9. 2. 4. 9. 9. 9. 2.
  9. 4. 1. 9. 2. 2. 9. 2. 9. 4. 9. 9. 2. 2. 2. 2. 9. 2. 2. 5. 2. 9. 1. 9.
  2. 2. 8. 6. 2. 4. 2. 2. 1. 2. 2. 9. 2. 2. 1. 2. 1. 2. 9. 2. 2. 1. 2. 1.
  2. 4. 1. 2. 2. 2. 2. 2. 9. 9. 9. 2. 2. 9. 2. 2. 1. 9. 8. 4. 2. 3. 2. 8.
  1. 9. 2. 3.]]
[100.]
#################################99
[[[7.93080032e-01 2.77209222e-01 9.73397672e-01 7.11483181e-01]
  [7.94297457e-01 2.60958150e-02 9.86490726e-01 1.32403821e-01]
  [8.00342083e-01 2.62171179e-01 9.77311254e-01 7.56125569e-01]
  [7.61478186e-01 3.57917808e-02 9.73220587e-01 1.41215473e-01]
  [7.68578589e-01 2.19487369e-01 9.41493571e-01 5.86193800e-01]
  [8.35171044e-01 2.91788653e-02 9.65320647e-01 1.18627362e-01]
  [4.20676857e-01 6.81734264e-01 5.19878983e-01 9.39392149e-01]
  [7.82766223e-01 1.86424166e-01 9.23522234e-01 4.88472670e-01]
  [4.21244025e-01 4.10032868e-02 7.41070390e-01 2.16313899e-01]
  [2.19950825e-02 1.91108584e-02 4.90524054e-01 4.57392097e-01]
  [3.60928476e-03 5.05472273e-02 2.80553341e-01 4.98491824e-01]
  [7.68578589e-01 2.19487369e-01 9.41493571e-01 5.86193800e-01]
  [6.01828098e-02 9.91538167e-03 6.78570688e-01 1.51712418e-01]
  [4.84122336e-01 1.02571547e-01 7.92114913e-01 2.74271578e-01]
  [4.53277349e-01 3.46052274e-02 9.00508881e-01 2.35397220e-01]
  [8.00342083e-01 2.62171179e-01 9.77311254e-01 7.56125569e-01]
  [1.79414153e-02 5.02274930e-03 5.28215170e-01 1.84691280e-01]
  [3.65029812e-01 3.99144351e-01 6.88065529e-01 5.72256982e-01]
  [1.21872783e-01 5.84255576e-01 5.38857818e-01 7.28128910e-01]
  [1.43081844e-01 4.90006864e-01 3.61396015e-01 9.97107565e-01]
  [7.33978510e-01 5.92008792e-02 9.42592621e-01 1.59971938e-01]
  [3.72605026e-02 0.00000000e+00 6.34075165e-01 2.32955039e-01]
  [7.80414462e-01 2.37762511e-01 8.55699539e-01 3.66359293e-01]
  [8.35171044e-01 2.91788653e-02 9.65320647e-01 1.18627362e-01]
  [2.21686810e-01 2.79138237e-03 6.41616464e-01 1.49046123e-01]
  [7.81473696e-01 2.84934938e-01 9.51366723e-01 8.57559979e-01]
  [3.72431278e-01 7.67609477e-03 7.47857571e-01 1.70167714e-01]
  [7.91735649e-02 1.44728720e-02 5.28597057e-01 3.01143378e-01]
  [6.90823793e-03 5.92596829e-04 5.63463509e-01 1.56543225e-01]
  [4.86452073e-01 4.79630828e-01 5.43974340e-01 8.72115016e-01]
  [1.84671581e-03 0.00000000e+00 2.80050755e-01 2.94257462e-01]
  [2.35886186e-01 7.32897103e-01 3.69461924e-01 9.80561197e-01]
  [0.00000000e+00 0.00000000e+00 9.07443613e-02 3.37976307e-01]
  [7.56418824e-01 7.41676867e-01 9.61697698e-01 8.95764649e-01]
  [7.38629699e-03 5.84229082e-03 3.22621465e-01 1.79037750e-01]
  [7.54543602e-01 7.84359574e-02 8.75775397e-01 1.45353675e-01]
  [4.45740581e-01 2.64908433e-01 7.88104177e-01 4.21556532e-01]
  [2.45038912e-01 0.00000000e+00 6.63983285e-01 9.72694308e-02]
  [5.19558638e-02 2.88711861e-03 4.49786603e-01 8.48641098e-02]
  [7.29552090e-01 5.36078215e-02 9.68988717e-01 5.99427938e-01]
  [8.70851576e-01 4.28537250e-01 9.87433374e-01 8.10295582e-01]
  [5.22496819e-01 4.14967537e-03 7.68091559e-01 4.06409681e-01]
  [9.07420516e-02 0.00000000e+00 3.87953162e-01 2.66934454e-01]
  [1.97003335e-01 3.63136202e-01 7.04705477e-01 5.73114693e-01]
  [1.49593920e-01 3.62577736e-01 6.75802112e-01 5.77432513e-01]
  [4.68001425e-01 7.39472210e-01 7.41211593e-01 8.99410188e-01]
  [6.29276782e-03 7.27076977e-02 6.91784099e-02 2.11068287e-01]
  [0.00000000e+00 1.52810827e-01 7.69778714e-02 5.45588911e-01]
  [1.25252500e-01 3.40430662e-02 4.47962284e-01 2.12087959e-01]
  [7.54543602e-01 7.84359574e-02 8.75775397e-01 1.45353675e-01]
  [5.22496819e-01 4.14967537e-03 7.68091559e-01 4.06409681e-01]
  [6.68561310e-02 9.62855667e-03 2.52593100e-01 5.40258437e-02]
  [8.83328915e-01 3.66479814e-01 9.93317246e-01 7.12294400e-01]
  [8.36761057e-01 3.24351043e-01 9.16631520e-01 4.89324778e-01]
  [0.00000000e+00 2.66228318e-01 7.65239298e-02 6.39600694e-01]
  [8.61660838e-01 4.39260602e-01 9.63328004e-01 5.68222761e-01]
  [7.74940550e-02 1.23912916e-02 4.22606260e-01 1.64382458e-01]
  [3.36926341e-01 4.08127159e-03 4.71683025e-01 6.86192513e-02]
  [1.18215956e-01 9.98927653e-03 2.96129435e-01 5.54593578e-02]
  [4.89149719e-01 5.25718778e-02 7.66317606e-01 3.70838642e-01]
  [7.23146319e-01 5.98642468e-01 7.68928170e-01 1.00000000e+00]
  [3.14384252e-01 1.21238977e-02 7.47586966e-01 8.73267353e-02]
  [3.85752946e-01 6.20791689e-03 5.26781559e-01 6.48051053e-02]
  [8.46629381e-01 6.16451859e-01 8.92437458e-01 1.00000000e+00]
  [2.46254802e-02 3.76690738e-03 1.81741729e-01 5.63004836e-02]
  [9.23341334e-01 2.01369673e-02 9.84562218e-01 1.28385514e-01]
  [8.70851576e-01 4.28537250e-01 9.87433374e-01 8.10295582e-01]
  [8.03139389e-01 2.63696551e-01 9.75204647e-01 6.48631096e-01]
  [0.00000000e+00 2.76521027e-01 5.87929897e-02 4.26419199e-01]
  [8.18034053e-01 5.43433547e-01 1.00000000e+00 7.36559272e-01]
  [4.39461529e-01 4.61936951e-01 4.97237802e-01 8.85559082e-01]
  [2.31520116e-01 4.27399762e-03 3.93409491e-01 5.05677387e-02]
  [8.08578074e-01 3.61937523e-01 9.91734207e-01 6.02200449e-01]
  [0.00000000e+00 9.82080549e-02 2.71800041e-01 2.81500459e-01]
  [8.59201670e-01 2.86059350e-01 9.75739837e-01 9.75529432e-01]
  [7.62510061e-01 6.90360427e-01 9.57353473e-01 8.45956683e-01]
  [2.96734095e-01 7.58550912e-02 3.95099461e-01 1.90426961e-01]
  [8.43798459e-01 1.49602406e-02 9.92607892e-01 8.45826268e-02]
  [7.60330975e-01 2.55980670e-01 8.53865206e-01 1.00000000e+00]
  [1.94220722e-01 0.00000000e+00 4.89532888e-01 2.56651014e-01]
  [8.44504386e-02 2.37246424e-01 1.99700370e-01 3.48458558e-01]
  [7.54499793e-01 7.72062898e-01 9.79965448e-01 9.51887608e-01]
  [7.94297457e-01 2.60958150e-02 9.86490726e-01 1.32403821e-01]
  [7.64862299e-01 1.60359353e-01 9.65139627e-01 3.32596034e-01]
  [0.00000000e+00 0.00000000e+00 1.55445069e-01 4.97591615e-01]
  [7.94684231e-01 2.62693316e-01 9.67718422e-01 5.43381810e-01]
  [2.38718584e-01 3.22979689e-02 3.51192236e-01 1.32011190e-01]
  [7.56823778e-01 2.00095192e-01 8.85832906e-01 5.06818891e-01]
  [3.24821770e-02 0.00000000e+00 4.78208333e-01 2.66943336e-01]
  [8.23756337e-01 6.86011851e-01 1.00000000e+00 8.36350024e-01]
  [2.95546412e-01 2.71197706e-02 3.93888891e-01 1.35941610e-01]
  [8.94592166e-01 5.81990123e-01 9.60232496e-01 9.69787002e-01]
  [4.84230608e-01 7.29703784e-01 6.02061391e-01 8.06249142e-01]
  [8.10573399e-01 9.19119060e-01 9.93131697e-01 1.00000000e+00]
  [7.45661438e-01 8.57601166e-01 9.64975774e-01 9.95765090e-01]
  [2.40091547e-01 3.86860609e-01 5.30926466e-01 5.40526986e-01]
  [9.09542501e-01 4.68312860e-01 9.89011824e-01 8.01326156e-01]
  [4.50244173e-03 1.20311424e-01 6.77717030e-02 2.65203595e-01]
  [8.40589702e-01 3.71878058e-01 9.21813548e-01 5.51763296e-01]
  [2.05638021e-01 4.42421436e-03 5.28529525e-01 1.49980351e-01]]]
[[0.8031921  0.6693671  0.5669365  0.42859557 0.16528049 0.08580723
  0.07480095 0.05365802 0.04797097 0.04741686 0.04561676 0.04538557
  0.04131544 0.03954966 0.03600567 0.03532967 0.03266808 0.0313881
  0.0308896  0.03010865 0.03004273 0.02860925 0.02822935 0.02530272
  0.02465295 0.02377638 0.02346965 0.0230734  0.02288938 0.0220656
  0.02202212 0.0220056  0.02167459 0.02128462 0.02026596 0.01969267
  0.01934439 0.01898481 0.01876664 0.01866176 0.01781144 0.01771552
  0.01685628 0.01674159 0.01664328 0.01643534 0.01626176 0.0159097
  0.01576002 0.01558221 0.01521868 0.0150351  0.0149967  0.01459017
  0.01456263 0.01454399 0.01434598 0.01373717 0.01334042 0.01327109
  0.01305762 0.01299385 0.0129321  0.01287871 0.01287023 0.01278386
  0.01264219 0.0126236  0.01259438 0.01246942 0.01237451 0.01232088
  0.0119213  0.01189044 0.011661   0.01153486 0.01153045 0.01146838
  0.01130578 0.01119985 0.01107874 0.01093404 0.01076636 0.01071827
  0.01071141 0.01066684 0.0106607  0.01059923 0.01056389 0.01055966
  0.01055094 0.01038772 0.01037249 0.01034564 0.01024612 0.01023475
  0.01021301 0.01020494 0.01020491 0.01018813]]
[[2. 9. 9. 2. 2. 9. 9. 2. 2. 9. 9. 9. 2. 2. 2. 8. 2. 2. 2. 3. 2. 9. 2. 2.
  9. 4. 2. 9. 9. 4. 9. 9. 9. 2. 9. 2. 2. 2. 9. 2. 2. 9. 9. 2. 1. 2. 9. 9.
  9. 9. 1. 9. 9. 2. 9. 2. 9. 9. 9. 2. 4. 2. 9. 4. 9. 9. 9. 1. 9. 2. 4. 9.
  2. 9. 4. 2. 9. 9. 4. 9. 9. 2. 4. 2. 9. 2. 9. 2. 2. 2. 9. 4. 2. 5. 2. 1.
  9. 9. 2. 2.]]
[100.]
#################################99
[[[0.8341336  0.2839983  0.98470485 0.56826174]
  [0.01903559 0.01679304 0.42640907 1.        ]
  [0.8725898  0.33373472 0.9928429  0.67488694]
  [0.1305382  0.8402976  0.41950795 0.976987  ]
  [0.5193793  0.01853882 0.7959493  0.2122618 ]
  [0.8725898  0.33373472 0.9928429  0.67488694]
  [0.47609064 0.21710213 0.7697499  0.35472673]
  [0.8341336  0.2839983  0.98470485 0.56826174]
  [0.54173046 0.01184695 0.7632676  0.13485932]
  [0.8149246  0.20818336 0.9224925  0.45612198]
  [0.92764264 0.05032432 0.97950536 0.90287554]
  [0.32523805 0.         0.47977632 0.33746305]
  [0.9271234  0.0639133  0.98662007 0.17765121]
  [0.8341336  0.2839983  0.98470485 0.56826174]
  [0.8725898  0.33373472 0.9928429  0.67488694]
  [0.1305382  0.8402976  0.41950795 0.976987  ]
  [0.49245536 0.19737202 0.7552451  0.31118166]
  [0.86859745 0.24204956 0.97711474 0.50992   ]
  [0.9221558  0.0322085  0.98673195 0.15755908]
  [0.7535221  0.06413633 0.8193349  0.8474293 ]
  [0.78881735 0.22318694 0.9575686  0.4084039 ]
  [0.13844222 0.8371913  0.4434005  0.98996156]
  [0.89979655 0.05021834 0.9797242  0.18276113]
  [0.9206073  0.01178332 0.9917507  0.18124811]
  [0.77454686 0.2276091  0.835919   0.36708325]
  [0.8153738  0.26543492 0.996385   0.4540453 ]
  [0.8450339  0.3621107  1.         0.5948405 ]
  [0.89979655 0.05021834 0.9797242  0.18276113]
  [0.33546066 0.         0.61595327 0.9926715 ]
  [0.5368432  0.11533415 0.77647126 0.2732803 ]
  [0.8240029  0.2888161  0.9012924  1.        ]
  [0.5375409  0.01333442 0.6893797  0.06905946]
  [0.16559273 0.74880606 0.46267253 0.8980656 ]
  [0.5408886  0.03248109 0.66483814 0.117544  ]
  [0.9271234  0.0639133  0.98662007 0.17765121]
  [0.20655891 0.7428458  0.38856158 0.99701893]
  [0.8423763  0.09527698 0.9231996  0.775035  ]
  [0.3092171  0.32195652 0.66140825 0.48186028]
  [0.8741998  0.28867164 0.9507639  0.4228988 ]
  [0.7356323  0.21658397 0.9296967  0.3948964 ]
  [0.82549995 0.29593325 0.9171322  0.40845573]
  [0.8164521  0.2565279  0.94625026 0.507625  ]
  [0.73593926 0.         0.8102342  0.6425093 ]
  [0.1305382  0.8402976  0.41950795 0.976987  ]
  [0.9686698  0.11872755 0.9930372  0.5256759 ]
  [0.9318267  0.4357217  0.98844504 0.577151  ]
  [0.9248758  0.         0.9953701  0.14247534]
  [0.30550078 0.3739856  0.59103775 0.5147422 ]
  [0.9243592  0.04992708 0.98762715 0.23369455]
  [0.8797167  0.7112597  0.9616112  0.8243145 ]
  [0.09624577 0.01516354 0.52175254 0.34662515]
  [0.7806556  0.17451929 0.8523462  0.4468199 ]
  [0.9223955  0.30481255 0.9924354  0.6297201 ]
  [0.89019316 0.41290343 0.96520764 0.5935837 ]
  [0.82549995 0.29593325 0.9171322  0.40845573]
  [0.8726575  0.3769074  0.96735746 0.5306429 ]
  [0.86996347 0.672288   0.9605828  0.95905524]
  [0.16559273 0.74880606 0.46267253 0.8980656 ]
  [0.60331535 0.         0.74268925 0.2837035 ]
  [0.90678954 0.3992026  0.9878801  0.67291665]
  [0.3290335  0.37735713 0.7448857  0.53415763]
  [0.47085294 0.         0.5439693  0.2628367 ]
  [0.33546066 0.         0.61595327 0.9926715 ]
  [0.88112205 0.0193096  0.91978246 0.4240123 ]
  [0.9742573  0.15709506 0.9974031  0.60449195]
  [0.01169814 0.36809248 0.27018684 1.        ]
  [0.9093411  0.         0.98205113 0.47514924]
  [0.76008743 0.16099718 0.81929404 0.4521065 ]
  [0.85619247 0.33039588 0.9640398  0.47587633]
  [0.9006741  0.23352116 0.9792532  0.95507044]
  [0.8149246  0.20818336 0.9224925  0.45612198]
  [0.3468695  0.43987072 0.76697624 0.5587587 ]
  [0.9223955  0.30481255 0.9924354  0.6297201 ]
  [0.46208668 0.1032198  0.72845316 0.25988272]
  [0.36590394 0.         0.51293284 0.29531834]
  [0.5196838  0.12072738 0.9320211  0.562254  ]
  [0.3831375  0.39840278 0.54006016 0.7384069 ]
  [0.55821633 0.         0.6958059  0.18172225]
  [0.93160087 0.06452227 0.9840626  0.48700738]
  [0.5659491  0.         0.830107   0.80301595]
  [0.7263181  0.17495033 0.9839574  0.49579945]
  [0.8302175  0.64340544 1.         0.80715907]
  [0.629847   0.07291907 0.73489064 0.84814274]
  [0.9498739  0.09790526 0.9935458  0.45692945]
  [0.82106084 0.00350305 0.92035407 0.6219524 ]
  [0.5260297  0.12227976 0.9439106  0.37705424]
  [0.88774955 0.         0.98820126 0.12830159]
  [0.14628412 0.         0.4708622  0.11144716]
  [0.7701867  0.687262   0.95259386 0.8667787 ]
  [0.50494564 0.09493087 0.81922376 0.4023158 ]
  [0.361722   0.59669423 0.4415357  0.72307575]
  [0.07396714 0.00499012 0.37051672 0.20973629]
  [0.74868196 0.21036196 0.79562515 0.40793175]
  [0.85298276 0.40150425 1.         0.5924086 ]
  [0.26630387 0.00236915 0.55347574 0.33654743]
  [0.8291029  0.6971212  0.9994441  0.84276694]
  [0.         0.6910677  0.2246563  1.        ]
  [0.05419342 0.         0.46917027 1.        ]
  [0.01821294 0.02242193 0.19221398 0.3513784 ]
  [0.42510182 0.00573868 0.9512487  0.63015735]]]
[[0.82330036 0.64319396 0.60910255 0.18263683 0.16055025 0.15756854
  0.09966041 0.09324553 0.07083324 0.07031403 0.06700239 0.06642853
  0.06410583 0.06402165 0.05928991 0.05832493 0.05317614 0.04703669
  0.04339411 0.04265071 0.03871843 0.03724698 0.03586381 0.03548318
  0.03295302 0.03082926 0.03057621 0.02996366 0.02908534 0.02771047
  0.02764401 0.02746334 0.02687181 0.02657526 0.02621082 0.02604792
  0.02581396 0.02414694 0.02399545 0.02255626 0.02226923 0.02225878
  0.0216089  0.02119377 0.02040944 0.01977974 0.01969157 0.01820836
  0.01709654 0.01664283 0.01650003 0.01606403 0.0160273  0.01540171
  0.01536165 0.01532721 0.01526416 0.01522272 0.01507086 0.01493648
  0.01489815 0.01464501 0.01454908 0.01448149 0.01423217 0.01422827
  0.01369168 0.01347012 0.01287855 0.01271515 0.01239969 0.01230419
  0.01216563 0.01206788 0.01196337 0.01192391 0.01189358 0.01184746
  0.01178339 0.01162819 0.01149464 0.01129306 0.01124956 0.01124501
  0.01110873 0.01081406 0.0107929  0.01078653 0.01076239 0.01073506
  0.01063236 0.01057391 0.01052904 0.0104622  0.01044408 0.01043018
  0.01024646 0.01015233 0.01014154 0.01011144]]
[[2. 8. 2. 1. 2. 9. 2. 9. 2. 2. 4. 9. 2. 1. 1. 9. 2. 2. 2. 4. 2. 2. 1. 1.
  9. 2. 2. 2. 8. 2. 4. 2. 2. 2. 1. 5. 4. 2. 2. 9. 2. 2. 4. 5. 4. 9. 1. 2.
  1. 2. 9. 9. 9. 2. 9. 2. 2. 1. 2. 1. 2. 4. 5. 4. 4. 8. 4. 9. 2. 4. 9. 2.
  2. 2. 2. 2. 9. 4. 4. 4. 2. 2. 4. 4. 4. 2. 1. 9. 2. 2. 9. 9. 8. 9. 9. 2.
  9. 5. 9. 9.]]
[100.]
#################################99
[[[0.7781862  0.22382118 0.98971856 0.5038904 ]
  [0.01570246 0.17717797 0.56262636 1.        ]
  [0.03754953 0.         0.52892756 0.8546591 ]
  [0.8440966  0.24902184 0.9894486  0.6368869 ]
  [0.8201366  0.28245267 0.9777984  0.5637727 ]
  [0.7809071  0.01221982 0.97038287 0.13991843]
  [0.8860879  0.2724896  0.97948277 0.96217173]
  [0.80700165 0.00814652 0.907769   0.13483755]
  [0.802679   0.01062567 0.96171397 0.12945059]
  [0.8527949  0.32555646 0.95882905 0.46269393]
  [0.41962576 0.         0.5974529  0.24337026]
  [0.86498636 0.37326157 0.9603004  0.5181755 ]
  [0.83172303 0.28808904 0.9512276  0.9436239 ]
  [0.87767935 0.34394243 0.9848405  0.7361146 ]
  [0.02736762 0.2430377  0.53317857 0.97797453]
  [0.8051194  0.24085116 0.9365715  0.38479507]
  [0.8623595  0.596957   0.97512865 0.90229374]
  [0.8281979  0.35505605 1.         0.5801518 ]
  [0.8293782  0.33333778 0.9550554  0.6812184 ]
  [0.758965   0.005228   0.9509325  0.13478026]
  [0.66932213 0.8006433  0.92994976 0.9590517 ]
  [0.         0.         0.26820862 0.11096583]
  [0.7781862  0.22382118 0.98971856 0.5038904 ]
  [0.7369652  0.05819213 0.95442045 0.489039  ]
  [0.36061668 0.         0.5294705  0.8637552 ]
  [0.39471567 0.0222282  0.62896585 0.21275672]
  [0.5127163  0.0334764  0.6679994  0.29535538]
  [0.83269364 0.28343266 0.9592386  0.41881496]
  [0.4553438  0.35122472 0.8141376  0.72902745]
  [0.44235545 0.01377279 0.9291149  0.58035594]
  [0.76172125 0.01169997 0.8232907  0.8907348 ]
  [0.17167068 0.45267743 0.75645775 0.911889  ]
  [0.27769324 0.         0.7118112  0.73637736]
  [0.24549755 0.7611048  0.8215754  0.9633733 ]
  [0.02358462 0.73714864 0.4329393  0.9916487 ]
  [0.6213767  0.01698491 0.71969706 0.8595319 ]
  [0.8694301  0.7104231  0.9665782  0.8200135 ]
  [0.4783448  0.         0.6461307  0.7779085 ]
  [0.43642008 0.         0.842438   0.32915732]
  [0.55282104 0.         0.8456099  0.8021348 ]
  [0.82295376 0.2532869  0.94867235 0.9066364 ]
  [0.47616535 0.8126199  0.80140895 0.92447996]
  [0.31672043 0.34697688 0.7141059  0.48611897]
  [0.5310759  0.16303831 0.78165287 0.3256075 ]
  [0.46376377 0.7413976  0.8311518  0.99268854]
  [0.8130841  0.6335735  0.9995507  0.8025045 ]
  [0.73476005 0.22103658 0.8164078  0.91525984]
  [0.07735577 0.8157989  0.32839116 0.996801  ]
  [0.00869095 0.         0.15661244 0.06762221]
  [0.48772585 0.02624515 0.92196524 0.24966928]
  [0.8250759  0.6814469  1.         0.84026635]
  [0.8100775  0.27436456 1.         0.45203242]
  [0.09970923 0.8857411  0.38405144 1.        ]
  [0.9071033  0.2834125  0.9851607  0.6058365 ]
  [0.07950163 0.47709394 0.59201044 0.66444397]
  [0.83759266 0.31443968 1.         0.49234822]
  [0.10338536 0.68789256 0.489767   0.97986126]
  [0.8728317  0.666927   0.9601823  0.7750902 ]
  [0.         0.         0.23368587 0.32574075]
  [0.3405146  0.38847068 0.740864   0.4954991 ]
  [0.8234038  0.14895569 0.9354314  0.39944816]
  [0.8795574  0.4238677  0.96119905 0.57236093]
  [0.         0.00852093 0.2657417  0.1626208 ]
  [0.0652725  0.         0.21258608 0.07719053]
  [0.7701304  0.2175076  0.97493124 0.41033214]
  [0.2367566  0.3825292  0.63377166 0.52473694]
  [0.83437014 0.6429343  0.909989   0.79235137]
  [0.27385154 0.09052631 0.7473264  0.5614517 ]
  [0.54485196 0.03960879 0.93087035 0.45046002]
  [0.82494    0.5418057  0.9344563  0.9072421 ]
  [0.03507364 0.08721793 0.86463    0.49274755]
  [0.83136547 0.5971155  0.9029703  0.7383516 ]
  [0.06358606 0.40577528 0.5267654  0.8788763 ]
  [0.9159425  0.         0.9606729  0.4066655 ]
  [0.83322775 0.44393152 1.         0.6378748 ]
  [0.02271655 0.0237869  0.7413995  1.        ]
  [0.86736387 0.63476074 0.97118574 0.9735453 ]
  [0.06191176 0.         0.4376897  0.22532545]
  [0.8177604  0.26971868 0.92801756 0.44494197]
  [0.1601882  0.8330963  0.41865718 0.99314564]
  [0.00772351 0.0205212  0.07872239 0.1446931 ]
  [0.23944946 0.8457232  0.48963237 0.99335223]
  [0.49101862 0.7653522  0.910012   0.95205814]
  [0.9532573  0.02265602 0.9908823  0.3880006 ]
  [0.37180242 0.35217744 0.8820003  0.5382899 ]
  [0.1541571  0.01115057 0.7869875  0.7057538 ]
  [0.81714267 0.23280181 0.9291375  0.5558506 ]
  [0.81477034 0.729388   1.         0.8998145 ]
  [0.72859895 0.         0.82141995 0.65802515]
  [0.43232292 0.01436027 0.81956047 0.17086998]
  [0.2295649  0.10902736 0.74599046 0.8451297 ]
  [0.8131878  0.57746875 1.         0.7597748 ]
  [0.38882053 0.         0.558315   0.3021198 ]
  [0.79223293 0.2559049  0.9719083  0.8212954 ]
  [0.01077566 0.87949574 0.2700446  0.9978156 ]
  [0.55282104 0.         0.8456099  0.8021348 ]
  [0.34718984 0.07086235 1.         0.4591456 ]
  [0.79041326 0.03124008 0.9223311  0.6166326 ]
  [0.02423574 0.40033388 0.2701509  0.5879424 ]
  [0.31242284 0.7612415  0.46351102 1.        ]]]
[[0.9456478  0.8492624  0.5233832  0.14453873 0.12237816 0.10246927
  0.08841602 0.08509955 0.06633496 0.06542333 0.0633966  0.06217927
  0.05846016 0.05638855 0.05036872 0.04785451 0.04772099 0.04478461
  0.03954832 0.03515989 0.03293098 0.03064816 0.03059948 0.02971444
  0.02742875 0.02690188 0.02685573 0.02643568 0.02597576 0.02475611
  0.0247026  0.02451353 0.02427607 0.0240524  0.02382967 0.02337825
  0.02337061 0.02284131 0.02281617 0.02244103 0.02123403 0.02101692
  0.02096859 0.02091469 0.02089099 0.02039315 0.0200297  0.01990958
  0.01912218 0.01908497 0.01901017 0.019006   0.01877315 0.01875783
  0.01817579 0.0181683  0.01792604 0.01769003 0.01760491 0.01723036
  0.01713508 0.0167329  0.01654879 0.01654129 0.01651721 0.01650787
  0.01645896 0.01633737 0.0159554  0.01587442 0.01573143 0.01572251
  0.01554603 0.01550088 0.01534714 0.01518824 0.01504591 0.01493779
  0.01474429 0.01466724 0.01457534 0.01427797 0.01427327 0.01424912
  0.01404921 0.01383568 0.01367125 0.01362778 0.01355229 0.01353277
  0.0131721  0.01312419 0.01297543 0.01289184 0.01277455 0.01262027
  0.01246895 0.01219043 0.01208391 0.01192355]]
[[2. 8. 8. 2. 2. 2. 4. 2. 9. 2. 2. 2. 4. 2. 2. 2. 2. 2. 2. 1. 2. 9. 9. 2.
  4. 2. 2. 2. 2. 2. 4. 2. 4. 2. 9. 4. 2. 4. 2. 4. 9. 2. 2. 2. 2. 2. 4. 9.
  9. 2. 2. 2. 9. 2. 2. 2. 9. 2. 9. 2. 2. 2. 9. 9. 2. 2. 2. 2. 2. 2. 2. 2.
  2. 4. 2. 8. 1. 9. 2. 9. 9. 9. 2. 4. 2. 2. 2. 2. 4. 2. 8. 2. 2. 2. 9. 2.
  2. 4. 2. 9.]]
[100.]
#################################99
[[[0.8341336  0.2839983  0.98470485 0.56826174]
  [0.01903559 0.01679304 0.42640907 1.        ]
  [0.8725898  0.33373472 0.9928429  0.67488694]
  [0.1305382  0.8402976  0.41950795 0.976987  ]
  [0.5193793  0.01853882 0.7959493  0.2122618 ]
  [0.8725898  0.33373472 0.9928429  0.67488694]
  [0.47609064 0.21710213 0.7697499  0.35472673]
  [0.8341336  0.2839983  0.98470485 0.56826174]
  [0.54173046 0.01184695 0.7632676  0.13485932]
  [0.8149246  0.20818336 0.9224925  0.45612198]
  [0.92764264 0.05032432 0.97950536 0.90287554]
  [0.32523805 0.         0.47977632 0.33746305]
  [0.9271234  0.0639133  0.98662007 0.17765121]
  [0.8341336  0.2839983  0.98470485 0.56826174]
  [0.8725898  0.33373472 0.9928429  0.67488694]
  [0.1305382  0.8402976  0.41950795 0.976987  ]
  [0.49245536 0.19737202 0.7552451  0.31118166]
  [0.86859745 0.24204956 0.97711474 0.50992   ]
  [0.9221558  0.0322085  0.98673195 0.15755908]
  [0.7535221  0.06413633 0.8193349  0.8474293 ]
  [0.78881735 0.22318694 0.9575686  0.4084039 ]
  [0.13844222 0.8371913  0.4434005  0.98996156]
  [0.89979655 0.05021834 0.9797242  0.18276113]
  [0.9206073  0.01178332 0.9917507  0.18124811]
  [0.77454686 0.2276091  0.835919   0.36708325]
  [0.8153738  0.26543492 0.996385   0.4540453 ]
  [0.8450339  0.3621107  1.         0.5948405 ]
  [0.89979655 0.05021834 0.9797242  0.18276113]
  [0.33546066 0.         0.61595327 0.9926715 ]
  [0.5368432  0.11533415 0.77647126 0.2732803 ]
  [0.8240029  0.2888161  0.9012924  1.        ]
  [0.5375409  0.01333442 0.6893797  0.06905946]
  [0.16559273 0.74880606 0.46267253 0.8980656 ]
  [0.5408886  0.03248109 0.66483814 0.117544  ]
  [0.9271234  0.0639133  0.98662007 0.17765121]
  [0.20655891 0.7428458  0.38856158 0.99701893]
  [0.8423763  0.09527698 0.9231996  0.775035  ]
  [0.3092171  0.32195652 0.66140825 0.48186028]
  [0.8741998  0.28867164 0.9507639  0.4228988 ]
  [0.7356323  0.21658397 0.9296967  0.3948964 ]
  [0.82549995 0.29593325 0.9171322  0.40845573]
  [0.8164521  0.2565279  0.94625026 0.507625  ]
  [0.73593926 0.         0.8102342  0.6425093 ]
  [0.1305382  0.8402976  0.41950795 0.976987  ]
  [0.9686698  0.11872755 0.9930372  0.5256759 ]
  [0.9318267  0.4357217  0.98844504 0.577151  ]
  [0.9248758  0.         0.9953701  0.14247534]
  [0.30550078 0.3739856  0.59103775 0.5147422 ]
  [0.9243592  0.04992708 0.98762715 0.23369455]
  [0.8797167  0.7112597  0.9616112  0.8243145 ]
  [0.09624577 0.01516354 0.52175254 0.34662515]
  [0.7806556  0.17451929 0.8523462  0.4468199 ]
  [0.9223955  0.30481255 0.9924354  0.6297201 ]
  [0.89019316 0.41290343 0.96520764 0.5935837 ]
  [0.82549995 0.29593325 0.9171322  0.40845573]
  [0.8726575  0.3769074  0.96735746 0.5306429 ]
  [0.86996347 0.672288   0.9605828  0.95905524]
  [0.16559273 0.74880606 0.46267253 0.8980656 ]
  [0.60331535 0.         0.74268925 0.2837035 ]
  [0.90678954 0.3992026  0.9878801  0.67291665]
  [0.3290335  0.37735713 0.7448857  0.53415763]
  [0.47085294 0.         0.5439693  0.2628367 ]
  [0.33546066 0.         0.61595327 0.9926715 ]
  [0.88112205 0.0193096  0.91978246 0.4240123 ]
  [0.9742573  0.15709506 0.9974031  0.60449195]
  [0.01169814 0.36809248 0.27018684 1.        ]
  [0.9093411  0.         0.98205113 0.47514924]
  [0.76008743 0.16099718 0.81929404 0.4521065 ]
  [0.85619247 0.33039588 0.9640398  0.47587633]
  [0.9006741  0.23352116 0.9792532  0.95507044]
  [0.8149246  0.20818336 0.9224925  0.45612198]
  [0.3468695  0.43987072 0.76697624 0.5587587 ]
  [0.9223955  0.30481255 0.9924354  0.6297201 ]
  [0.46208668 0.1032198  0.72845316 0.25988272]
  [0.36590394 0.         0.51293284 0.29531834]
  [0.5196838  0.12072738 0.9320211  0.562254  ]
  [0.3831375  0.39840278 0.54006016 0.7384069 ]
  [0.55821633 0.         0.6958059  0.18172225]
  [0.93160087 0.06452227 0.9840626  0.48700738]
  [0.5659491  0.         0.830107   0.80301595]
  [0.7263181  0.17495033 0.9839574  0.49579945]
  [0.8302175  0.64340544 1.         0.80715907]
  [0.629847   0.07291907 0.73489064 0.84814274]
  [0.9498739  0.09790526 0.9935458  0.45692945]
  [0.82106084 0.00350305 0.92035407 0.6219524 ]
  [0.5260297  0.12227976 0.9439106  0.37705424]
  [0.88774955 0.         0.98820126 0.12830159]
  [0.14628412 0.         0.4708622  0.11144716]
  [0.7701867  0.687262   0.95259386 0.8667787 ]
  [0.50494564 0.09493087 0.81922376 0.4023158 ]
  [0.361722   0.59669423 0.4415357  0.72307575]
  [0.07396714 0.00499012 0.37051672 0.20973629]
  [0.74868196 0.21036196 0.79562515 0.40793175]
  [0.85298276 0.40150425 1.         0.5924086 ]
  [0.26630387 0.00236915 0.55347574 0.33654743]
  [0.8291029  0.6971212  0.9994441  0.84276694]
  [0.         0.6910677  0.2246563  1.        ]
  [0.05419342 0.         0.46917027 1.        ]
  [0.01821294 0.02242193 0.19221398 0.3513784 ]
  [0.42510182 0.00573868 0.9512487  0.63015735]]]
[[0.82330036 0.64319396 0.60910255 0.18263683 0.16055025 0.15756854
  0.09966041 0.09324553 0.07083324 0.07031403 0.06700239 0.06642853
  0.06410583 0.06402165 0.05928991 0.05832493 0.05317614 0.04703669
  0.04339411 0.04265071 0.03871843 0.03724698 0.03586381 0.03548318
  0.03295302 0.03082926 0.03057621 0.02996366 0.02908534 0.02771047
  0.02764401 0.02746334 0.02687181 0.02657526 0.02621082 0.02604792
  0.02581396 0.02414694 0.02399545 0.02255626 0.02226923 0.02225878
  0.0216089  0.02119377 0.02040944 0.01977974 0.01969157 0.01820836
  0.01709654 0.01664283 0.01650003 0.01606403 0.0160273  0.01540171
  0.01536165 0.01532721 0.01526416 0.01522272 0.01507086 0.01493648
  0.01489815 0.01464501 0.01454908 0.01448149 0.01423217 0.01422827
  0.01369168 0.01347012 0.01287855 0.01271515 0.01239969 0.01230419
  0.01216563 0.01206788 0.01196337 0.01192391 0.01189358 0.01184746
  0.01178339 0.01162819 0.01149464 0.01129306 0.01124956 0.01124501
  0.01110873 0.01081406 0.0107929  0.01078653 0.01076239 0.01073506
  0.01063236 0.01057391 0.01052904 0.0104622  0.01044408 0.01043018
  0.01024646 0.01015233 0.01014154 0.01011144]]
[[2. 8. 2. 1. 2. 9. 2. 9. 2. 2. 4. 9. 2. 1. 1. 9. 2. 2. 2. 4. 2. 2. 1. 1.
  9. 2. 2. 2. 8. 2. 4. 2. 2. 2. 1. 5. 4. 2. 2. 9. 2. 2. 4. 5. 4. 9. 1. 2.
  1. 2. 9. 9. 9. 2. 9. 2. 2. 1. 2. 1. 2. 4. 5. 4. 4. 8. 4. 9. 2. 4. 9. 2.
  2. 2. 2. 2. 9. 4. 4. 4. 2. 2. 4. 4. 4. 2. 1. 9. 2. 2. 9. 9. 8. 9. 9. 2.
  9. 5. 9. 9.]]
[100.]
#################################1
[[[0.9258089  0.2808221  0.9786422  0.4182641 ]
  [0.9148669  0.2578629  0.9894023  0.47298703]
  [0.93674845 0.30785143 0.99119085 0.45237195]
  [0.2112348  0.06050023 0.33256787 0.76833594]
  [0.30259722 0.5100305  0.76646525 0.6123456 ]
  [0.92445767 0.304518   0.99156153 0.533385  ]
  [0.34407377 0.03088582 0.6448768  0.9359762 ]
  [0.23249444 0.06888616 0.4332581  0.7966649 ]
  [0.92225236 0.2865256  0.986806   0.4966421 ]
  [0.88321936 0.2666644  0.9818255  0.5966325 ]
  [0.24730358 0.         0.65760994 0.98784184]
  [0.9194865  0.20652106 0.99393344 0.42419472]
  [0.17914328 0.         0.31418762 0.30244863]
  [0.         0.21089005 0.62105286 0.74465376]
  [0.41919756 0.01632765 0.7856009  0.1326972 ]
  [0.93487203 0.23503996 0.98887336 0.38752228]
  [0.90747416 0.2567386  0.9925468  0.46236676]
  [0.850334   0.00722596 0.97425145 0.06657033]
  [0.40058666 0.6145911  0.6691783  0.76378214]
  [0.28854364 0.24006656 0.427625   0.87137616]
  [0.15724948 0.01491943 0.3542851  0.5679555 ]
  [0.93024874 0.31877127 0.98726785 0.63315034]
  [0.07113475 0.04543203 0.59220374 0.69353205]
  [0.22333975 0.         0.67586756 0.97340006]
  [0.14714837 0.0750021  0.78894985 0.54660535]
  [0.11888173 0.         0.5180007  0.81872535]
  [0.8707148  0.33598477 0.96236026 0.6884802 ]
  [0.8707148  0.33598477 0.96236026 0.6884802 ]
  [0.9475763  0.35526133 0.99844456 0.54044586]
  [0.8697237  0.43223786 0.9542273  0.74778736]
  [0.90523255 0.23197836 0.9734844  0.39857942]
  [0.29751757 0.01418    0.79621315 0.16427737]
  [0.85274494 0.1151041  1.         0.27799466]
  [0.8093043  0.0088693  0.9129562  0.12296667]
  [0.02948663 0.12801161 0.58278203 0.8534545 ]
  [0.00464039 0.5363966  0.21210195 0.9650357 ]
  [0.19769555 0.02088672 0.75471795 0.77436966]
  [0.7495978  0.00914939 0.95655656 0.14630681]
  [0.16128707 0.         0.30626053 0.29702076]
  [0.86164874 0.41894653 0.9359686  0.69678164]
  [0.         0.45684847 0.23067266 0.6524342 ]
  [0.9529535  0.39314368 0.9910553  0.61906326]
  [0.8997773  0.2931608  0.97396505 0.46949208]
  [0.02185106 0.4648498  0.45035502 0.99630976]
  [0.38118517 0.         0.73259914 0.10089667]
  [0.2679868  0.47105187 0.76014864 0.6288113 ]
  [0.26001063 0.2463645  0.6259248  0.6160761 ]
  [0.34383184 0.07317519 0.5591724  0.81329584]
  [0.00742199 0.2364437  0.30015838 0.3854345 ]
  [0.8068044  0.00986086 0.93677866 0.07937127]
  [0.         0.5165699  0.22110799 0.69781107]
  [0.46712795 0.04276048 0.8097507  0.20817663]
  [0.19769555 0.02088672 0.75471795 0.77436966]
  [0.80788654 0.04652635 1.         0.21200243]
  [0.92231625 0.07006404 0.974865   0.39433625]
  [0.9572952  0.01063345 0.99334884 0.3405035 ]
  [0.16550753 0.         0.80793464 0.9494727 ]
  [0.348205   0.22890899 0.86282957 0.465224  ]
  [0.93674845 0.30785143 0.99119085 0.45237195]
  [0.34407377 0.03088582 0.6448768  0.9359762 ]
  [0.87551135 0.01071393 0.9543174  0.14340137]
  [0.89108425 0.49906564 0.98396677 0.7764194 ]
  [0.02948663 0.12801161 0.58278203 0.8534545 ]
  [0.9410015  0.06321633 0.99309057 0.37524402]
  [0.15656418 0.3031133  0.8594863  0.65971303]
  [0.         0.54109687 0.10392494 0.8828487 ]
  [0.26526532 0.08262594 0.63578963 0.45298564]
  [0.47602344 0.02177392 0.85709393 0.10442998]
  [0.9229638  0.11363958 0.9944722  0.39633805]
  [0.39182132 0.44968146 0.48161    0.5594124 ]
  [0.9258089  0.2808221  0.9786422  0.4182641 ]
  [0.878033   0.09356609 0.91177386 0.51664937]
  [0.9194865  0.20652106 0.99393344 0.42419472]
  [0.9016972  0.1424613  0.9739179  0.44619638]
  [0.8653215  0.39131743 1.         0.5635907 ]
  [0.81706303 0.0108518  1.         0.1462543 ]
  [0.87145555 0.44752777 0.9843676  0.7524122 ]
  [0.         0.27444866 0.23352785 0.441901  ]
  [0.5562942  0.         1.         0.16100988]
  [0.02291223 0.9313718  0.16657099 1.        ]
  [0.7202297  0.05205199 0.8392357  0.8066343 ]
  [0.18042973 0.         0.31875047 0.28333533]
  [0.32867676 0.         0.6461357  0.14938426]
  [0.0108684  0.09920722 0.5599668  0.9045258 ]
  [0.22919396 0.12609303 0.70846534 0.383954  ]
  [0.7786828  0.10835887 0.9763484  0.26607907]
  [0.         0.40344906 0.300983   0.58175445]
  [0.85279006 0.472782   0.9076962  0.6532999 ]
  [0.94734156 0.16638534 0.9975914  0.34198117]
  [0.20300993 0.25991285 0.79747295 0.715961  ]
  [0.87790316 0.3373515  1.         0.5084225 ]
  [0.6817969  0.0095818  0.97922397 0.30066404]
  [0.82892376 0.         0.9224902  0.6778466 ]
  [0.90999615 0.08620417 0.95735216 0.31139618]
  [0.24438351 0.12846057 0.3414901  0.48871595]
  [0.06164461 0.05576146 0.5888115  0.7282086 ]
  [0.8068044  0.00986086 0.93677866 0.07937127]
  [0.06351305 0.01320292 0.23233476 0.05819856]
  [0.35062373 0.17225103 0.8363234  0.58968896]
  [0.34708086 0.44615626 0.4422944  0.5602155 ]]]
[[0.36668673 0.25121617 0.20959684 0.17594077 0.1524407  0.1213667
  0.09989553 0.09672962 0.09364795 0.09028658 0.08831299 0.08412101
  0.07979961 0.0771571  0.0735765  0.06683718 0.05679969 0.05573188
  0.05511981 0.05462632 0.05187232 0.04867581 0.04574097 0.04418168
  0.0438622  0.04378123 0.03965563 0.03553408 0.03471613 0.03325727
  0.03221531 0.03190009 0.03185816 0.03175129 0.02969456 0.02966363
  0.02961555 0.02936306 0.02921583 0.02915833 0.02768714 0.02701244
  0.02666094 0.02664666 0.02622876 0.02610858 0.02592377 0.02535591
  0.02530976 0.02443597 0.02430447 0.02418185 0.02417825 0.02412954
  0.02330564 0.02329404 0.02291591 0.02276631 0.02266038 0.02256225
  0.02207408 0.02117253 0.02008367 0.019811   0.01950055 0.01915456
  0.01906884 0.01900168 0.01853742 0.01851546 0.01841068 0.01819864
  0.01768426 0.0176488  0.01750381 0.01719562 0.01709384 0.01708284
  0.01702832 0.01687269 0.01684994 0.01679934 0.01662248 0.01637226
  0.01634708 0.01634247 0.01616474 0.01600439 0.01593535 0.01592825
  0.01585596 0.01584114 0.01578508 0.01566718 0.01558684 0.01556371
  0.01549937 0.01541185 0.01517934 0.01508718]]
[[2. 2. 2. 4. 2. 2. 8. 4. 1. 2. 4. 2. 2. 2. 2. 2. 1. 2. 1. 4. 4. 2. 2. 8.
  2. 4. 9. 2. 2. 9. 2. 2. 2. 2. 8. 9. 2. 9. 4. 9. 2. 2. 2. 9. 2. 2. 2. 4.
  2. 9. 2. 2. 4. 2. 4. 4. 9. 2. 1. 9. 2. 9. 4. 4. 2. 9. 2. 9. 2. 1. 1. 4.
  1. 4. 2. 2. 1. 2. 2. 9. 4. 3. 2. 2. 2. 2. 2. 9. 2. 8. 2. 2. 4. 2. 4. 9.
  2. 2. 2. 1.]]
[100.]
#################################2
[[[8.51864100e-01 4.84676301e-01 9.73587275e-01 8.91293943e-01]
  [3.99544537e-02 2.70864666e-02 6.56983376e-01 4.94262725e-01]
  [8.95834863e-01 2.28278399e-01 9.95023429e-01 4.51090395e-01]
  [8.51864100e-01 4.84676301e-01 9.73587275e-01 8.91293943e-01]
  [8.85635734e-01 2.91382909e-01 9.85336661e-01 5.51409006e-01]
  [9.34490561e-01 2.77531207e-01 9.91696596e-01 4.19135749e-01]
  [4.29801941e-02 3.23309973e-02 6.11756504e-01 2.46594548e-01]
  [9.20358062e-01 2.52219379e-01 9.85208511e-01 5.18003702e-01]
  [8.89613092e-01 2.02879205e-01 9.92945015e-01 4.19078410e-01]
  [1.12769157e-01 0.00000000e+00 7.85697460e-01 3.66302788e-01]
  [1.43053442e-01 7.41117448e-02 5.85228920e-01 4.20702875e-01]
  [2.19754770e-01 6.07445091e-02 7.17466235e-01 4.60710466e-01]
  [9.29862678e-01 1.88739032e-01 9.90873039e-01 4.24845964e-01]
  [8.52554440e-01 4.30518463e-02 9.89168048e-01 1.02348603e-01]
  [9.20358062e-01 2.52219379e-01 9.85208511e-01 5.18003702e-01]
  [9.41039801e-01 2.99335927e-01 9.96920705e-01 5.86336970e-01]
  [8.84423077e-01 2.67713249e-01 9.70082104e-01 4.11653936e-01]
  [7.19982386e-02 4.02527213e-01 4.03774112e-01 7.00656176e-01]
  [9.41128731e-01 2.97124445e-01 9.94306087e-01 4.81932700e-01]
  [7.80366242e-01 4.22807112e-02 9.82098401e-01 1.12405352e-01]
  [3.85267884e-02 5.20120263e-02 5.07699728e-01 3.90111029e-01]
  [9.96596590e-02 6.73150599e-01 3.45265478e-01 8.56284916e-01]
  [8.89568627e-01 4.83830810e-01 9.93680537e-01 8.62141967e-01]
  [9.34490561e-01 2.77531207e-01 9.91696596e-01 4.19135749e-01]
  [8.84423077e-01 2.67713249e-01 9.70082104e-01 4.11653936e-01]
  [8.22988749e-01 3.32320146e-02 9.97345805e-01 1.26246780e-01]
  [8.12839508e-01 1.06194049e-01 1.00000000e+00 2.64928460e-01]
  [8.70000839e-01 4.06801790e-01 9.70628023e-01 7.37919092e-01]
  [8.83920431e-01 2.35496596e-01 9.68068004e-01 3.75660360e-01]
  [8.25496495e-01 1.66922227e-01 1.00000000e+00 3.55430841e-01]
  [9.29618478e-02 1.65462494e-02 5.40223181e-01 6.56396151e-01]
  [9.00351286e-01 4.70474094e-01 9.97454166e-01 8.42304945e-01]
  [8.85802507e-01 4.42008227e-01 9.44992781e-01 5.89134336e-01]
  [8.65508735e-01 6.96858168e-01 9.91336048e-01 9.97158051e-01]
  [9.41476345e-01 2.22917959e-01 9.98086214e-01 3.97734523e-01]
  [1.68031275e-01 4.62668329e-01 7.26686418e-01 9.51120853e-01]
  [1.08362108e-01 1.89389989e-01 6.27661228e-01 4.79087889e-01]
  [7.46443391e-01 0.00000000e+00 8.28145504e-01 9.13591266e-01]
  [9.49477136e-01 3.38522106e-01 9.97239292e-01 7.03034043e-01]
  [9.41039801e-01 2.99335927e-01 9.96920705e-01 5.86336970e-01]
  [9.96237844e-02 6.98257744e-01 2.73285747e-01 9.52019036e-01]
  [8.52479875e-01 3.63312215e-01 1.00000000e+00 5.39806604e-01]
  [1.64051473e-01 1.03615642e-01 5.14714837e-01 5.73172629e-01]
  [8.89144719e-01 3.76867294e-01 9.56614077e-01 5.43339670e-01]
  [9.24566761e-02 5.61648011e-01 2.70349592e-01 8.59605193e-01]
  [8.91776025e-01 2.94882864e-01 9.63403404e-01 4.85429317e-01]
  [8.85590136e-01 2.47982398e-01 9.95131671e-01 5.31535804e-01]
  [3.39450389e-02 7.60859370e-01 3.37170601e-01 9.57700491e-01]
  [1.60074323e-01 6.77698255e-02 5.57646155e-01 2.24379987e-01]
  [8.79291356e-01 2.71350324e-01 1.00000000e+00 4.28707480e-01]
  [1.56687528e-01 6.34740889e-01 3.20406228e-01 8.86781275e-01]
  [0.00000000e+00 4.49051738e-01 2.87974179e-01 6.46317959e-01]
  [8.83920431e-01 2.35496596e-01 9.68068004e-01 3.75660360e-01]
  [1.70918137e-01 3.78797203e-01 7.11804271e-01 9.70384121e-01]
  [9.96068120e-04 5.80068111e-01 1.85657337e-01 8.92723560e-01]
  [0.00000000e+00 0.00000000e+00 9.77702141e-02 2.84038067e-01]
  [8.70000839e-01 4.06801790e-01 9.70628023e-01 7.37919092e-01]
  [9.29862678e-01 1.88739032e-01 9.90873039e-01 4.24845964e-01]
  [2.35295206e-01 1.16177350e-02 8.37901711e-01 1.44135371e-01]
  [8.85590136e-01 2.47982398e-01 9.95131671e-01 5.31535804e-01]
  [8.31388712e-01 9.36771750e-01 9.34748530e-01 1.00000000e+00]
  [1.17237866e-02 6.30539507e-02 2.67743319e-01 4.08567011e-01]
  [4.30491358e-01 1.03993118e-02 8.02831054e-01 3.08879316e-01]
  [9.73343849e-03 5.07617712e-01 1.95725530e-01 9.99664545e-01]
  [8.05926442e-01 5.32579757e-02 9.85732079e-01 1.75971404e-01]
  [9.94275510e-02 7.33461678e-01 3.63480002e-01 9.34439957e-01]
  [8.14994991e-01 4.50381637e-01 9.60063398e-01 1.00000000e+00]
  [2.28670120e-01 3.12538370e-02 7.33432651e-01 2.33505815e-01]
  [4.53146398e-02 3.97652149e-01 5.51816821e-01 6.45977259e-01]
  [8.88912678e-01 5.81339598e-02 9.88720059e-01 3.23081523e-01]
  [2.80853808e-02 0.00000000e+00 1.93237871e-01 3.04134071e-01]
  [7.90013313e-01 8.44455123e-01 9.85150218e-01 9.99472260e-01]
  [8.32205534e-01 1.71540290e-01 9.40786004e-01 4.22672957e-01]
  [3.03955466e-01 2.38042474e-01 8.55342388e-01 4.52988923e-01]
  [8.28932703e-01 2.35721961e-01 9.77086008e-01 3.85080218e-01]
  [8.75151038e-01 1.41460001e-01 9.95846868e-01 4.02524650e-01]
  [2.31033891e-01 2.71672338e-01 4.24489409e-01 9.61688161e-01]
  [6.81015551e-01 2.84477994e-02 9.97463644e-01 1.23928867e-01]
  [7.67161101e-02 6.11719966e-01 3.51618171e-01 7.95352936e-01]
  [8.38074267e-01 2.23694801e-01 9.58654821e-01 4.78428006e-01]
  [0.00000000e+00 4.69179600e-02 3.15427661e-01 2.38422617e-01]
  [2.75667220e-01 3.55451226e-01 8.33774567e-01 5.42551279e-01]
  [8.99935663e-01 1.68083280e-01 9.75808561e-01 8.83444667e-01]
  [4.97088432e-02 6.27719343e-01 3.85250002e-01 9.15405214e-01]
  [3.42192203e-02 4.99609411e-01 3.92823696e-01 8.62693846e-01]
  [8.28503191e-01 7.90839255e-01 1.00000000e+00 9.59223211e-01]
  [8.88227165e-01 1.67238563e-01 9.61062372e-01 3.23452771e-01]
  [8.64790976e-01 6.03400588e-01 9.28170621e-01 1.00000000e+00]
  [1.28650784e-01 3.48198086e-01 5.17665684e-01 6.08094215e-01]
  [8.00498128e-01 2.24420756e-01 8.42332125e-01 3.82211000e-01]
  [3.02619338e-01 4.26708519e-01 6.39311552e-01 5.22963345e-01]
  [8.38074267e-01 2.23694801e-01 9.58654821e-01 4.78428006e-01]
  [8.79524052e-01 3.26289803e-01 9.80718076e-01 9.30724025e-01]
  [8.69719088e-01 9.31294143e-01 9.72345173e-01 1.00000000e+00]
  [0.00000000e+00 1.00361802e-01 2.84304053e-01 2.89728880e-01]
  [8.39687943e-01 2.78912246e-01 9.13211823e-01 4.07060981e-01]
  [4.44038719e-01 0.00000000e+00 9.91830468e-01 1.31658345e-01]
  [1.45305425e-01 6.99076295e-01 3.23648453e-01 9.46901917e-01]
  [1.06255084e-01 7.49419391e-01 2.78316677e-01 1.00000000e+00]
  [5.88925108e-02 3.46933186e-01 2.16154605e-01 6.63957894e-01]]]
[[0.7472992  0.4182138  0.1272353  0.10656064 0.08150104 0.06536337
  0.05783882 0.05398878 0.05241273 0.05185477 0.05004526 0.04362891
  0.04339633 0.04214216 0.03681397 0.03674641 0.03336877 0.03300999
  0.02980636 0.02888484 0.02728543 0.02596218 0.02237036 0.02209329
  0.02119021 0.0208088  0.02066325 0.02055667 0.01985493 0.01932603
  0.01900202 0.01884882 0.01862454 0.01833511 0.01816558 0.01761645
  0.0168655  0.01585935 0.01580704 0.01568097 0.01560537 0.01555907
  0.01552246 0.01535254 0.01429504 0.01417536 0.01398559 0.01387667
  0.01381058 0.01379237 0.01357203 0.01354523 0.01334365 0.01331393
  0.01322372 0.01294016 0.01286747 0.01262613 0.01241936 0.01205018
  0.01199311 0.01175612 0.01173704 0.01173551 0.01154461 0.01149645
  0.0113787  0.01126297 0.01124791 0.0111625  0.01108748 0.01101649
  0.01095219 0.01074547 0.01056628 0.01055055 0.0104425  0.01015551
  0.01000588 0.00982636 0.00976876 0.00975382 0.00957171 0.00949811
  0.00934796 0.00931285 0.00901965 0.00891279 0.00875322 0.00872145
  0.00862335 0.00857941 0.00857849 0.0085044  0.00830126 0.00828434
  0.00817569 0.00811164 0.0080638  0.00785362]]
[[9. 9. 1. 2. 1. 1. 9. 1. 2. 9. 9. 9. 1. 2. 5. 5. 1. 1. 1. 2. 9. 1. 9. 2.
  2. 2. 2. 9. 1. 2. 9. 2. 9. 2. 1. 2. 9. 4. 5. 3. 1. 1. 9. 1. 1. 1. 5. 1.
  9. 1. 1. 9. 2. 8. 9. 9. 1. 5. 9. 2. 2. 9. 9. 9. 2. 1. 9. 9. 1. 2. 9. 2.
  2. 6. 2. 1. 3. 2. 1. 2. 9. 6. 4. 1. 1. 2. 2. 9. 1. 9. 1. 1. 4. 2. 9. 1.
  2. 1. 1. 9.]]
[100.]
